    900.000    
    1   6   4   0.968216    
    5.77757       -13.3066        10.6433       -3.46748       0.402874    
  -0.101673E-01  -0.220754E-04
   0.129634E-06   0.559826E-03   0.970262E-02   0.198281E-01   0.842879E-02
   0.943975E-03   0.409526E-04
    14.5399       -34.2152        27.8764       -9.31735        1.20247    
  -0.465699E-01  -0.110164E-03
    1.68334      -0.867561       0.150875      -0.745377E-02
    2   6   4   0.968216    
    14.5399       -34.2152        27.8764       -9.31735        1.20247    
  -0.465699E-01  -0.110164E-03
   0.129634E-06   0.559826E-03   0.970262E-02   0.198281E-01   0.842879E-02
   0.943975E-03   0.409526E-04
    5.77757       -13.3066        10.6433       -3.46748       0.402874    
  -0.101673E-01  -0.220754E-04
    1.68334      -0.867561       0.150875      -0.745377E-02
    3   3   1    4.71099    
    29.3482       -25.1639       0.354720       0.257877E-02
    1.78438        2.59331       0.161323       0.257877E-02
    29.3482       -25.1639       0.354720       0.257877E-02
   0.359595E-01
    4   5   4   0.691657    
    59.4346       -106.359        54.9494       -8.31945       0.364597    
  -0.413609E-02
   0.120150E-04   0.533784E-02   0.322867E-01   0.244872E-01   0.336400E-02
   0.103239E-03
    28.0523       -60.2245        39.8903       -7.92133       0.270762    
  -0.193617E-02
    1.20371      -0.316529       0.182768E-01  -0.286226E-03
    5   1   1    5.17124    
    12.8699       -7.69869    
    4.48963       0.681616    
    12.8699       -7.69869    
   0.217745E-07
